1556980323.048895 0.0000000 0.0000000 0.0000000 0.0000000 0.0000000 0.0000000 1.0000000 1.0000000 0.0000000 0.0000000 0.0000000 0.0000000 1.0000000 0.0000000 0.0000000 0.0000000 0.0000000 1.0000000 0.0000000 0.0000000 0.0000000 0.0000000 1.0000000
1556980323.248895 0.0114831 -0.0015062 0.0031388 -0.0053562 -0.0219072 -0.0271916 0.9993758 0.9975614 -0.0541145 0.0440784 -0.0116750 0.0545839 0.9984639 -0.0095144 0.0009069 -0.0434958 0.0118972 0.9989828 -0.0026182 0.0000000 0.0000000 0.0000000 1.0000000
1556980323.315562 0.0163762 -0.0019057 0.0034776 -0.0075266 -0.0289566 -0.0345458 0.9989552 0.9959362 -0.0685835 0.0583727 -0.0166433 0.0694553 0.9974999 -0.0130369 0.0008089 -0.0573327 0.0170382 0.9982097 -0.0025001 0.0000000 0.0000000 0.0000000 1.0000000
1556980323.748894 0.0454625 -0.0071150 0.0104790 -0.0191804 -0.0561165 -0.0515692 0.9969071 0.9883831 -0.1006667 0.1138641 -0.0468437 0.1049721 0.9939455 -0.0324544 0.0026397 -0.1099076 0.0440300 0.9929661 -0.0050953 0.0000000 0.0000000 0.0000000 1.0000000
1556980336.582216 0.3941115 -0.1281232 0.1607077 0.1484811 -0.3683228 -0.1947788 0.8968572 0.6527990 -0.4587556 0.6028241 -0.4129313 0.2399997 0.8800291 0.4098156 -0.0476950 -0.7185079 -0.1228496 0.6845833 0.1574146 0.0000000 0.0000000 0.0000000 1.0000000
1556980336.948882 0.4171277 -0.1312874 0.1663419 0.0778752 -0.3678186 -0.2309892 0.8973789 0.6227070 -0.4718575 0.6241686 -0.4255227 0.3572818 0.8811589 0.3096913 -0.0848617 -0.6961219 0.0301572 0.7172899 0.1750157 0.0000000 0.0000000 0.0000000 1.0000000
1556980337.215548 0.4281003 -0.1306872 0.1689092 0.0298592 -0.3639184 -0.2504289 0.8966366 0.6096975 -0.4708201 0.6376498 -0.4302468 0.4273549 0.8727875 0.2358170 -0.1087203 -0.6675602 0.1287257 0.7333437 0.1787370 0.0000000 0.0000000 0.0000000 1.0000000
1556980338.548880 0.4660133 -0.1222314 0.1539561 -0.1093905 -0.2036002 -0.2164082 0.9485505 0.8234289 -0.3660045 0.4335961 -0.4952208 0.4550922 0.8824024 -0.1194034 -0.0858389 -0.3389041 0.2956464 0.8931614 0.0565635 0.0000000 0.0000000 0.0000000 1.0000000
1556980338.748880 0.4879650 -0.1281158 0.1590110 -0.1158095 -0.1936974 -0.2080085 0.9517363 0.8384276 -0.3510744 0.4168764 -0.5203894 0.4408024 0.8866413 -0.1398589 -0.0792643 -0.3205189 0.3010217 0.8981389 0.0521537 0.0000000 0.0000000 0.0000000 1.0000000
1556980338.915547 0.5091496 -0.1326160 0.1661048 -0.1155334 -0.1868760 -0.2006306 0.9547129 0.8496495 -0.3399084 0.4031848 -0.5446470 0.4262700 0.8927988 -0.1456164 -0.0744482 -0.3104667 0.2955885 0.9034588 0.0472049 0.0000000 0.0000000 0.0000000 1.0000000
1556980339.148880 0.5346225 -0.1480141 0.1676973 -0.1027443 -0.1792498 -0.1978305 0.9582151 0.8574652 -0.3422946 0.3841716 -0.5735092 0.4159621 0.9006134 -0.1259801 -0.0679527 -0.3028678 0.2678244 0.9146262 0.0481814 0.0000000 0.0000000 0.0000000 1.0000000
1556980339.382213 0.5469556 -0.1512476 0.1655554 -0.0430788 -0.1810696 -0.1940783 0.9631675 0.8590949 -0.3582593 0.3655220 -0.5845867 0.3894604 0.9209557 -0.0127009 -0.0716225 -0.3320794 0.1532676 0.9307160 0.0507290 0.0000000 0.0000000 0.0000000 1.0000000
1556980340.215545 0.5362829 -0.1562243 0.1626245 0.1385095 -0.2209596 -0.1555939 0.9527763 0.8539348 -0.3577023 0.3779476 -0.5752960 0.2352823 0.9132113 0.3326970 -0.0376168 -0.4641525 -0.1951772 0.8639840 0.0779207 0.0000000 0.0000000 0.0000000 1.0000000
1556980342.715543 0.6074747 -0.1833239 0.1468911 0.3836569 -0.3610502 -0.0991838 0.8441639 0.7196107 -0.4444936 0.5334659 -0.5969930 -0.1095841 0.6859398 0.7193593 0.0866512 -0.6856762 -0.5761181 0.4449002 0.2455628 0.0000000 0.0000000 0.0000000 1.0000000
1556980343.215543 0.6070345 -0.1833860 0.1466044 0.3913617 -0.4008935 -0.0960453 0.8227367 0.6601194 -0.4718287 0.5844827 -0.5729298 -0.1557487 0.6752226 0.7209831 0.1126719 -0.7348365 -0.5669674 0.3722409 0.2875251 0.0000000 0.0000000 0.0000000 1.0000000
1556980344.748874 0.5916174 -0.1912705 0.1558727 0.4075836 -0.4590290 -0.0720814 0.7861121 0.5681933 -0.4875134 0.6629382 -0.5327339 -0.2608573 0.6573598 0.7069876 0.1698612 -0.7804549 -0.5746379 0.2463360 0.3134224 0.0000000 0.0000000 0.0000000 1.0000000
1556980344.948874 0.5932775 -0.1892443 0.1557599 0.4064610 -0.4360808 -0.0678393 0.8000130 0.6104627 -0.4630443 0.6425926 -0.5498924 -0.2459551 0.6603745 0.7095150 0.1603778 -0.7528887 -0.5911814 0.2892459 0.2897412 0.0000000 0.0000000 0.0000000 1.0000000
1556980345.215541 0.5931309 -0.1892985 0.1558180 0.3876616 -0.4222215 -0.0848547 0.8150136 0.6290573 -0.4656737 0.6224427 -0.5582525 -0.1890426 0.6850363 0.7035539 0.1321770 -0.7540224 -0.5602440 0.3428950 0.2877514 0.0000000 0.0000000 0.0000000 1.0000000
1556980345.482207 0.5931308 -0.1892491 0.1557869 0.3497300 -0.4205994 -0.1241114 0.8278776 0.6153850 -0.4996907 0.6095987 -0.5545373 -0.0886944 0.7245705 0.6834698 0.0832560 -0.7832206 -0.4746650 0.4015701 0.3121631 0.0000000 0.0000000 0.0000000 1.0000000
1556980345.715540 0.5936304 -0.1889177 0.1554291 0.3082514 -0.4225881 -0.1640812 0.8363478 0.5889932 -0.5349848 0.6057048 -0.5448565 0.0139312 0.7561168 0.6542884 0.0328784 -0.8080179 -0.3769332 0.4528006 0.3380763 0.0000000 0.0000000 0.0000000 1.0000000
1556980347.282205 0.6205792 -0.1753783 0.1368681 0.1127648 -0.5334536 -0.3076157 0.7797973 0.2415995 -0.6000654 0.7625951 -0.3595450 0.3594463 0.7853134 0.5040648 -0.1543283 -0.9013479 0.1523301 0.4054226 0.5305837 0.0000000 0.0000000 0.0000000 1.0000000
1556980350.115536 0.6965995 -0.2016976 0.1344658 0.1569005 -0.3728445 -0.2983375 0.8645021 0.5439635 -0.6328257 0.5510311 -0.5806590 0.3988279 0.7727540 0.4937485 -0.1883529 -0.7382683 -0.0488146 0.6727385 0.4139712 0.0000000 0.0000000 0.0000000 1.0000000
1556980350.682202 0.7033315 -0.1934734 0.1179512 0.0846952 -0.3709934 -0.3165952 0.8688833 0.5242627 -0.6130112 0.5910718 -0.5570495 0.4873258 0.7851884 0.3820899 -0.2359065 -0.6983281 0.0877291 0.7103812 0.4243391 0.0000000 0.0000000 0.0000000 1.0000000
1556980350.982202 0.6966201 -0.1810531 0.1110983 0.0613610 -0.3793928 -0.3185035 0.8665168 0.5092332 -0.5985372 0.6184131 -0.5318137 0.5054175 0.7895806 0.3480166 -0.2477920 -0.6965879 0.1353352 0.7045918 0.4314811 0.0000000 0.0000000 0.0000000 1.0000000
1556980351.282202 0.6878866 -0.1747371 0.1082352 0.0499404 -0.3854702 -0.3210072 0.8636394 0.4967343 -0.5929700 0.6337521 -0.5139049 0.5159678 0.7889207 0.3337384 -0.2531959 -0.6978770 0.1612164 0.6978374 0.4327001 0.0000000 0.0000000 0.0000000 1.0000000
1556980351.615535 0.6688559 -0.1722970 0.1164445 0.0484592 -0.3945388 -0.3297791 0.8562923 0.4711697 -0.6030127 0.6437195 -0.4939995 0.5265365 0.7777949 0.3432119 -0.2581304 -0.7076429 0.1772308 0.6839816 0.4242016 0.0000000 0.0000000 0.0000000 1.0000000
1556980352.682200 0.6117504 -0.1905201 0.1558418 0.1124633 -0.4989499 -0.3173648 0.7985491 0.3006573 -0.6190897 0.7254882 -0.4149377 0.3946356 0.7732633 0.4963130 -0.1714426 -0.8682557 0.1370833 0.4768021 0.4829672 0.0000000 0.0000000 0.0000000 1.0000000
1556980352.982200 0.6042882 -0.1892809 0.1548791 0.1311506 -0.5134186 -0.3072863 0.7904277 0.2839530 -0.6204455 0.7310390 -0.4022506 0.3511050 0.7767493 0.5228631 -0.1461253 -0.8922421 0.1082029 0.4384018 0.4917529 0.0000000 0.0000000 0.0000000 1.0000000
1556980354.615532 0.5957373 -0.1828146 0.1514131 0.2778778 -0.5777615 -0.2070964 0.7389767 0.2466054 -0.6271731 0.7388096 -0.3734338 -0.0150154 0.7597900 0.6499951 0.0494281 -0.9689996 -0.1713859 0.1779510 0.5189933 0.0000000 0.0000000 0.0000000 1.0000000
1556980354.948865 0.5954922 -0.1825013 0.1506107 0.2964832 -0.5865558 -0.1813672 0.7315435 0.2461163 -0.6131639 0.7506376 -0.3715176 -0.0824519 0.7584074 0.6465446 0.0901333 -0.9657269 -0.2210167 0.1360999 0.5142488 0.0000000 0.0000000 0.0000000 1.0000000
1556980357.082196 0.5983582 -0.1805729 0.1455270 0.2903883 -0.6923335 -0.1750265 0.6369575 -0.0199197 -0.6250600 0.7803226 -0.2145077 -0.1791222 0.7700807 0.6122834 0.1571312 -0.9836252 -0.1275766 -0.1273019 0.5840491 0.0000000 0.0000000 0.0000000 1.0000000
1556980357.848862 0.6050647 -0.1821494 0.1460553 0.2420394 -0.7368460 -0.2170560 0.5927576 -0.1801108 -0.6140147 0.7684699 -0.1151028 -0.0993684 0.7886072 0.6068151 0.1151401 -0.9786143 0.0329323 -0.2030503 0.6277801 0.0000000 0.0000000 0.0000000 1.0000000
1556980357.915529 0.6052210 -0.1821716 0.1458367 0.2383268 -0.7380416 -0.2211837 0.5912467 -0.1872555 -0.6133385 0.7673013 -0.1103026 -0.0902420 0.7885562 0.6083055 0.1095556 -0.9781573 0.0446658 -0.2030103 0.6297446 0.0000000 0.0000000 0.0000000 1.0000000
1556980358.782194 0.6059737 -0.1821021 0.1463394 0.1866551 -0.7123894 -0.3009245 0.6058925 -0.1961084 -0.6305979 0.7509246 -0.1058865 0.0987136 0.7492087 0.6549366 -0.0192284 -0.9756009 0.2025650 -0.0846775 0.6404676 0.0000000 0.0000000 0.0000000 1.0000000
1556980358.915528 0.6089602 -0.1833167 0.1470563 0.1844467 -0.7000532 -0.3132850 0.6146198 -0.1764439 -0.6433473 0.7449643 -0.1200407 0.1268573 0.7356639 0.6653615 -0.0402372 -0.9761018 0.2119031 -0.0481901 0.6403392 0.0000000 0.0000000 0.0000000 1.0000000
1556980359.482194 0.6092595 -0.1832384 0.1472605 0.1786000 -0.6428017 -0.3412729 0.6621487 -0.0593224 -0.6815555 0.7293579 -0.1961500 0.2223380 0.7032697 0.6752611 -0.1060348 -0.9731632 0.2022221 0.1098160 0.6137922 0.0000000 0.0000000 0.0000000 1.0000000
1556980360.715526 0.6237753 -0.1877549 0.1440243 0.1141178 -0.5966945 -0.4022410 0.6849343 -0.0356843 -0.6872042 0.7255874 -0.2112692 0.4148303 0.6503587 0.6363564 -0.2283036 -0.9091988 0.3237036 0.2618655 0.5901977 0.0000000 0.0000000 0.0000000 1.0000000
1556980361.848858 0.6438733 -0.1926119 0.1380323 0.0402769 -0.6411045 -0.4491905 0.6209595 -0.2255743 -0.6095016 0.7600158 -0.0770627 0.5062147 0.5932113 0.6259768 -0.2980837 -0.8323839 0.5259355 0.1747255 0.6131334 0.0000000 0.0000000 0.0000000 1.0000000
1556980362.415524 0.6586670 -0.1981979 0.1344613 0.0401397 -0.5992514 -0.4725014 0.6450031 -0.1647195 -0.6576372 0.7351059 -0.1206903 0.5614223 0.5502625 0.6180746 -0.3438366 -0.8109701 0.5145138 0.2785732 0.5986775 0.0000000 0.0000000 0.0000000 1.0000000
1556980362.715524 0.6615817 -0.1996374 0.1341902 0.0493757 -0.5677392 -0.4767007 0.6693210 -0.0991428 -0.6941967 0.7129247 -0.1686641 0.5820665 0.5406369 0.6073799 -0.3586576 -0.8070745 0.4751870 0.3504684 0.5817814 0.0000000 0.0000000 0.0000000 1.0000000
1556980365.382188 0.7520409 -0.2544689 0.1330599 -0.0173100 -0.5333480 -0.5396454 0.6511706 -0.1513545 -0.6843379 0.7132837 -0.1552274 0.7212669 0.4169664 0.5530940 -0.5099118 -0.6759185 0.5981812 0.4304805 0.6032571 0.0000000 0.0000000 0.0000000 1.0000000
1556980365.915521 0.7721547 -0.2804425 0.1533871 -0.0245593 -0.5243120 -0.5545467 0.6457335 -0.1648503 -0.6904253 0.7043701 -0.1743760 0.7419322 0.3837495 0.5497935 -0.5495980 -0.6498930 0.6132285 0.4489875 0.6049244 0.0000000 0.0000000 0.0000000 1.0000000
1556980366.082187 0.7784420 -0.2891936 0.1586115 -0.0214470 -0.5258260 -0.5464951 0.6514524 -0.1502997 -0.6894761 0.7085426 -0.1947754 0.7345858 0.4017664 0.5467792 -0.5423697 -0.6616598 0.6026661 0.4460940 0.6185954 0.0000000 0.0000000 0.0000000 1.0000000
1556980366.348854 0.7820451 -0.3015067 0.1643614 -0.0079568 -0.5313376 -0.5201421 0.6686323 -0.1057350 -0.6871122 0.7188164 -0.2426250 0.7040232 0.4587778 0.5421018 -0.5013539 -0.7022617 0.5633825 0.4352340 0.6475282 0.0000000 0.0000000 0.0000000 1.0000000
1556980370.215517 0.8819878 -0.3210085 0.1474932 -0.0135753 -0.5357156 -0.5059258 0.6759168 -0.0859044 -0.6693825 0.7379346 -0.2479512 0.6984726 0.4877095 0.5237132 -0.5367296 -0.7104622 0.5604164 0.4256489 0.7437370 0.0000000 0.0000000 0.0000000 1.0000000
1556980372.982181 0.9191958 -0.3461985 0.1381834 0.2566223 -0.6560488 -0.3228202 0.6320855 -0.0692258 -0.7448135 0.6636720 -0.2859297 0.0713865 0.6598641 0.7479861 0.0594666 -0.9950436 0.0991572 0.0074900 0.9479330 0.0000000 0.0000000 0.0000000 1.0000000
1556980373.348847 0.9303394 -0.3502033 0.1394591 0.2824639 -0.6420657 -0.3031932 0.6450114 -0.0083490 -0.7538469 0.6569971 -0.3478565 0.0284053 0.6565761 0.7537248 0.0983948 -0.9995616 0.0249550 0.0159315 0.9364491 0.0000000 0.0000000 0.0000000 1.0000000
1556980373.682180 0.9315055 -0.3503220 0.1390223 0.3032886 -0.6140416 -0.2820587 0.6718720 0.0867917 -0.7514782 0.6540242 -0.4350303 0.0065510 0.6569179 0.7539337 0.1192169 -0.9962049 -0.0611507 0.0619380 0.8979372 0.0000000 0.0000000 0.0000000 1.0000000
1556980378.748842 0.8881600 -0.4195285 0.2357237 -0.0402128 -0.5474060 -0.5714608 0.6100509 -0.2524417 -0.6532149 0.7138511 -0.2181052 0.7412659 0.3436308 0.5765785 -0.6501130 -0.6219309 0.6747060 0.3974592 0.7417419 0.0000000 0.0000000 0.0000000 1.0000000
1556980379.282175 0.8849720 -0.4214581 0.2425490 -0.0431957 -0.5054932 -0.5723475 0.6442275 -0.1662100 -0.6937737 0.7007512 -0.3152718 0.7811143 0.3411050 0.5229798 -0.6743511 -0.6018593 0.6342913 0.4852215 0.6822659 0.0000000 0.0000000 0.0000000 1.0000000
1556980379.515508 0.8859572 -0.4279143 0.2449087 -0.0524166 -0.4986905 -0.5776197 0.6441396 -0.1646734 -0.6918561 0.7030063 -0.3223338 0.7964147 0.3272160 0.5085797 -0.6901246 -0.5818988 0.6436341 0.4971206 0.6692085 0.0000000 0.0000000 0.0000000 1.0000000
1556980380.048841 0.8843096 -0.4542155 0.2636862 -0.0731059 -0.5121507 -0.6027982 0.6074466 -0.2513282 -0.6574531 0.7103447 -0.2636815 0.8072180 0.2625795 0.5286313 -0.7339557 -0.5340722 0.7062630 0.4647143 0.6705421 0.0000000 0.0000000 0.0000000 1.0000000
1556980380.348840 0.8880763 -0.4678781 0.2720574 -0.0752193 -0.5336625 -0.6098689 0.5810390 -0.3134714 -0.6284318 0.7119053 -0.2093220 0.7889987 0.2448040 0.5635176 -0.7394618 -0.5284096 0.7383390 0.4190928 0.7007034 0.0000000 0.0000000 0.0000000 1.0000000
1556980380.682173 0.8921393 -0.4765793 0.2756666 -0.0682563 -0.5608861 -0.6070587 0.5587733 -0.3662271 -0.6018483 0.7096875 -0.1557400 0.7549844 0.2536416 0.6047021 -0.7193671 -0.5439451 0.7572612 0.3614957 0.7465176 0.0000000 0.0000000 0.0000000 1.0000000
1556980383.515504 0.8620605 -0.4934485 0.2971435 0.1405786 -0.7284504 -0.4331477 0.5118406 -0.4365136 -0.6482142 0.6239184 -0.1289525 0.2385961 0.5852415 0.7749608 -0.1471723 -0.8674836 0.4871455 -0.1008045 1.0181580 0.0000000 0.0000000 0.0000000 1.0000000
1556980384.948836 0.8486321 -0.5337844 0.3217701 -0.1432502 0.7924144 0.4005858 -0.4371383 -0.5767790 -0.5772498 0.5780213 -0.0046438 0.1231957 0.6380208 0.7601001 -0.0085597 -0.8075573 0.5096195 -0.2968823 1.0528738 0.0000000 0.0000000 0.0000000 1.0000000
1556980385.315502 0.8526393 -0.5364062 0.3303036 -0.1093276 0.7841373 0.4330020 -0.4309123 -0.6047241 -0.5446274 0.5811107 0.0315271 0.2017161 0.6011135 0.7732872 -0.1049696 -0.7704669 0.5848449 -0.2536477 1.0544255 0.0000000 0.0000000 0.0000000 1.0000000
1556980389.315499 0.8278215 -0.5827911 0.3935015 0.0566990 0.6185393 0.6906489 -0.3704031 -0.7191736 -0.4414958 0.5365359 0.1269199 0.5817780 0.0395787 0.8123841 -0.7782167 -0.3798995 0.8963900 0.2283886 0.7470258 0.0000000 0.0000000 0.0000000 1.0000000
1556980390.382164 0.8247274 -0.5806688 0.3879498 0.0220025 0.7206981 0.5955918 -0.3540912 -0.7482706 -0.3900733 0.5365947 0.1824440 0.4535019 0.2895727 0.8429019 -0.5328733 -0.4841768 0.8740655 -0.0397797 0.9222890 0.0000000 0.0000000 0.0000000 1.0000000
1556980391.115497 0.7964845 -0.5807695 0.3955416 0.0043965 0.7226620 0.6004956 -0.3422651 -0.7656705 -0.4047030 0.4999641 0.1770489 0.4174117 0.2787715 0.8649011 -0.5126643 -0.4894038 0.8709202 -0.0445194 0.9132156 0.0000000 0.0000000 0.0000000 1.0000000
1556980391.515496 0.7793254 -0.5797737 0.4053085 0.0248502 0.7057068 0.6365200 -0.3101657 -0.8063595 -0.3597793 0.4694073 0.2295710 0.4299272 0.1884497 0.8829775 -0.5836733 -0.4061367 0.9138083 0.0027208 0.8452118 0.0000000 0.0000000 0.0000000 1.0000000
1556980392.315496 0.7851717 -0.5932261 0.4138974 0.0791263 0.6492783 0.6913219 -0.3070027 -0.7989767 -0.3217254 0.5080640 0.2261916 0.5272254 0.0316261 0.8491367 -0.7466565 -0.2892569 0.9463047 0.1443532 0.7287416 0.0000000 0.0000000 0.0000000 1.0000000
1556980392.682162 0.7836537 -0.5918411 0.4150733 0.0840797 0.6271268 0.7086277 -0.3122330 -0.7908823 -0.3370567 0.5107817 0.2082821 0.5479711 -0.0184451 0.8362939 -0.7874594 -0.2724570 0.9413037 0.1992852 0.6878961 0.0000000 0.0000000 0.0000000 1.0000000
1556980393.082162 0.7692717 -0.5858411 0.4184812 0.0805298 0.5894204 0.7405893 -0.3124517 -0.7917777 -0.3678649 0.4876099 0.1895263 0.5577286 -0.1099151 0.8227134 -0.8377278 -0.2490517 0.9233602 0.2921972 0.6102517 0.0000000 0.0000000 0.0000000 1.0000000
1556980393.715494 0.7366456 -0.5901517 0.4424957 0.1042457 0.5288991 0.7844568 -0.3066368 -0.7902134 -0.3708157 0.4879124 0.1473706 0.5913575 -0.2524793 0.7658659 -0.9235143 -0.1608073 0.8937281 0.4187972 0.4605773 0.0000000 0.0000000 0.0000000 1.0000000
1556980394.282161 0.7429653 -0.6004709 0.4496617 0.1295108 0.4975032 0.8035004 -0.3001743 -0.7862446 -0.3535163 0.5067994 0.1439880 0.6112445 -0.3247719 0.7217364 -0.9736868 -0.0905513 0.8772396 0.4714351 0.3820472 0.0000000 0.0000000 0.0000000 1.0000000
1556980394.615494 0.7409217 -0.5996251 0.4509548 0.1334631 0.5057716 0.8011423 -0.2907813 -0.7952677 -0.3309106 0.5079837 0.1617311 0.6009181 -0.3192826 0.7327729 -0.9671305 -0.0802920 0.8880072 0.4527653 0.3877848 0.0000000 0.0000000 0.0000000 1.0000000
1556980394.848827 0.7355912 -0.5985680 0.4521377 0.1326838 0.5213950 0.7957986 -0.2779333 -0.8102962 -0.3039965 0.5010051 0.1875609 0.5807191 -0.3018008 0.7560963 -0.9496799 -0.0786469 0.9036052 0.4210846 0.4083329 0.0000000 0.0000000 0.0000000 1.0000000
1556980395.115493 0.7229940 -0.5992218 0.4519058 0.1279406 0.5485762 0.7848978 -0.2581296 -0.8340006 -0.2648404 0.4840480 0.2255352 0.5455810 -0.2648667 0.7951019 -0.9124768 -0.0823669 0.9272029 0.3653908 0.4500287 0.0000000 0.0000000 0.0000000 1.0000000
1556980399.582155 0.5998879 -0.6504250 0.4970524 0.1041983 0.5940892 0.7821362 -0.1564087 -0.9293581 -0.1208596 0.3488359 0.3055109 0.3684720 -0.2451887 0.8967223 -0.8262367 -0.0228468 0.9619124 0.2724015 0.5039596 0.0000000 0.0000000 0.0000000 1.0000000
1556980399.982155 0.5815738 -0.6662018 0.5059482 0.0949585 0.5957354 0.7887560 -0.1180934 -0.9540737 -0.0731535 0.2905031 0.3591497 0.2994341 -0.2623064 0.9173519 -0.8130246 0.0090933 0.9622079 0.2721643 0.4980351 0.0000000 0.0000000 0.0000000 1.0000000
1556980400.415488 0.5712789 -0.6731983 0.5124714 0.1072434 0.6379189 0.7540223 -0.1140558 -0.9509802 -0.0351760 0.3072446 0.3621405 0.3088264 -0.1601015 0.9375467 -0.7646720 0.0162112 0.9864736 0.1631166 0.5712386 0.0000000 0.0000000 0.0000000 1.0000000
1556980402.115486 0.5099564 -0.6991608 0.5241747 0.0121840 0.8408690 0.5039575 -0.1970221 -0.9220677 -0.1780913 0.3436200 0.1655829 0.2190718 0.4917567 0.8427235 -0.2096344 -0.3190591 0.8523256 -0.4144182 0.9758464 0.0000000 0.0000000 0.0000000 1.0000000
1556980402.548819 0.4972642 -0.7019069 0.5272985 0.0081014 0.8705075 0.4555144 -0.1861658 -0.9305534 -0.1554978 0.3314979 0.1787875 0.1837069 0.5848820 0.7900410 -0.0974056 -0.3167368 0.7960738 -0.5156979 0.9881982 0.0000000 0.0000000 0.0000000 1.0000000
1556980403.682152 0.4846575 -0.7158387 0.5367551 -0.0229550 0.9035423 0.3586596 -0.2333403 -0.8900507 -0.2088612 0.4051996 0.0643659 0.1258978 0.7416727 0.6588410 0.1162645 -0.4381317 0.6374156 -0.6338311 1.0088427 0.0000000 0.0000000 0.0000000 1.0000000
1556980403.915485 0.4664437 -0.7130961 0.5378827 -0.0052050 0.9018720 0.3741418 -0.2159112 -0.9067105 -0.1709513 0.3855537 0.0936420 0.1521742 0.7199817 0.6771036 0.0782331 -0.3933434 0.6726083 -0.6268006 1.0002521 0.0000000 0.0000000 0.0000000 1.0000000
1556980404.148818 0.4502353 -0.7164587 0.5460269 0.0203516 0.8850089 0.4240932 -0.1910235 -0.9261917 -0.1260008 0.3553770 0.1326844 0.1980463 0.6394615 0.7428773 -0.0366507 -0.3208530 0.7584279 -0.5673099 0.9976081 0.0000000 0.0000000 0.0000000 1.0000000
1556980404.448817 0.4288898 -0.7128365 0.5460442 0.0540435 0.8469946 0.5027133 -0.1641915 -0.9402409 -0.0735333 0.3324754 0.1692962 0.2566316 0.4887173 0.8338439 -0.2170068 -0.2238018 0.8693379 -0.4406410 0.9562915 0.0000000 0.0000000 0.0000000 1.0000000
1556980406.615482 0.3869281 -0.7094401 0.5740917 0.1301530 0.6689723 0.7312800 0.0276749 -0.9645886 0.2146138 0.1533291 0.4374571 0.1336613 -0.1034204 0.9856160 -0.6909218 0.2273841 0.9712081 0.0710726 0.5602304 0.0000000 0.0000000 0.0000000 1.0000000
1556980407.082148 0.4024956 -0.7154009 0.5717698 0.1537327 0.6687299 0.7231067 0.0792669 -0.9401661 0.3202482 0.1163140 0.5410137 0.0909744 -0.0930341 0.9914980 -0.6700822 0.3283466 0.9427543 0.0583331 0.5089362 0.0000000 0.0000000 0.0000000 1.0000000
1556980407.515481 0.3993788 -0.7205396 0.5654856 0.1586059 0.7055839 0.6817430 0.1105530 -0.9252445 0.3745570 0.0602480 0.6053368 0.0730819 0.0201411 0.9971225 -0.5785334 0.3722658 0.9269851 -0.0460088 0.5452718 0.0000000 0.0000000 0.0000000 1.0000000
1556980407.948814 0.3721764 -0.7196966 0.5645120 0.1638549 0.7412840 0.6346068 0.1446511 -0.9044553 0.4265191 -0.0064882 0.6472439 0.0593328 0.1408516 0.9882512 -0.4785915 0.4224219 0.8934441 -0.1527006 0.5719945 0.0000000 0.0000000 0.0000000 1.0000000
1556980408.815480 0.3397467 -0.7314253 0.5730436 0.1536753 0.7935758 0.5703264 0.1461136 -0.9100694 0.4105709 -0.0566141 0.6419375 0.0772412 0.3022233 0.9501026 -0.3496389 0.4071946 0.8602864 -0.3067572 0.6666774 0.0000000 0.0000000 0.0000000 1.0000000
1556980409.282146 0.3396043 -0.7387945 0.5725036 0.1299996 0.8336318 0.5293602 0.0890839 -0.9503284 0.3110585 -0.0108931 0.5587803 0.1224286 0.4057559 0.9057447 -0.2603492 0.2861595 0.8594212 -0.4236838 0.7803152 0.0000000 0.0000000 0.0000000 1.0000000
1556980409.748812 0.3190514 -0.7361608 0.5766406 0.1121450 0.8558604 0.5021004 0.0531197 -0.9692036 0.2453038 0.0216900 0.4773014 0.1386181 0.4706374 0.8713699 -0.2002287 0.2035422 0.8475415 -0.4901470 0.8416250 0.0000000 0.0000000 0.0000000 1.0000000
1556980410.148812 0.2924520 -0.7287434 0.5775614 0.1117785 0.8444941 0.5217104 0.0464065 -0.9707040 0.2372141 0.0382520 0.4346597 0.1403710 0.4306476 0.8915372 -0.2421376 0.1950121 0.8707882 -0.4513294 0.8382199 0.0000000 0.0000000 0.0000000 1.0000000
1556980410.648812 0.2589186 -0.7089326 0.5824659 0.1209205 0.7747843 0.6177871 0.0585369 -0.9639033 0.2597013 0.0586994 0.3994928 0.1150481 0.2074345 0.9714602 -0.4485734 0.2401132 0.9431469 -0.2298250 0.7403231 0.0000000 0.0000000 0.0000000 1.0000000
1556980411.182144 0.2549936 -0.7001682 0.5951345 0.1164901 0.7005584 0.7025155 0.0460438 -0.9686201 0.2279092 0.0991595 0.3475534 0.0985234 -0.0141958 0.9950335 -0.6272410 0.2281849 0.9735789 -0.0087040 0.6286634 0.0000000 0.0000000 0.0000000 1.0000000
1556980411.682144 0.2536540 -0.7031956 0.6051175 0.0927279 0.6522461 0.7520090 0.0214231 -0.9818852 0.1531835 0.1115181 0.2892956 0.0887420 -0.1482322 0.9849630 -0.7227643 0.1674107 0.9770169 0.1319532 0.5647224 0.0000000 0.0000000 0.0000000 1.0000000
1556980412.415477 0.1973666 -0.7061529 0.6155220 0.0766999 0.6023588 0.7945092 0.0060043 -0.9881622 0.1019427 0.1146440 0.1964515 0.0828607 -0.2742556 0.9580804 -0.7997398 0.1291110 0.9562382 0.2625620 0.4881556 0.0000000 0.0000000 0.0000000 1.0000000
1556980412.682143 0.1732822 -0.7065827 0.6211144 0.0813226 0.5897773 0.8034580 -0.0021507 -0.9867640 0.0924684 0.1332154 0.1535832 0.0993804 -0.3043163 0.9473727 -0.8206724 0.1281417 0.9480724 0.2910989 0.4668811 0.0000000 0.0000000 0.0000000 1.0000000
1556980412.848809 0.1603131 -0.7049580 0.6245607 0.0851986 0.5832160 0.8077019 -0.0147623 -0.9850465 0.0755314 0.1548494 0.1144495 0.1232255 -0.3192824 0.9396139 -0.8316811 0.1204110 0.9446448 0.3052006 0.4560151 0.0000000 0.0000000 0.0000000 1.0000000
1556980413.215476 0.1397451 -0.6993287 0.6306740 0.0943864 0.5743787 0.8105332 -0.0649318 -0.9737501 0.0031684 0.2275975 -0.0052473 0.2136858 -0.3317459 0.9188488 -0.8413550 0.0784159 0.9433635 0.3223605 0.4454585 0.0000000 0.0000000 0.0000000 1.0000000
1556980413.382142 0.1330743 -0.6977322 0.6332405 0.0950751 0.5750972 0.8076015 -0.0894635 -0.9659140 -0.0351468 0.2564660 -0.0583894 0.2538565 -0.3225190 0.9118873 -0.8362576 0.0506653 0.9459103 0.3204478 0.4503293 0.0000000 0.0000000 0.0000000 1.0000000
1556980413.548809 0.1277522 -0.6973833 0.6361032 0.0942342 0.5796429 0.8020173 -0.1090978 -0.9584351 -0.0657523 0.2776305 -0.1000140 0.2842411 -0.3042235 0.9092057 -0.8268216 0.0246794 0.9503287 0.3102680 0.4622281 0.0000000 0.0000000 0.0000000 1.0000000
1556980414.482141 0.0757536 -0.6819496 0.6359487 0.0479814 0.6204453 0.7754755 -0.1066922 -0.9726291 -0.1059347 0.2068103 -0.1300827 0.2250142 -0.2073289 0.9520417 -0.7638832 -0.0579765 0.9725187 0.2254909 0.5242000 0.0000000 0.0000000 0.0000000 1.0000000
1556980414.748808 0.0663003 -0.6800523 0.6365393 0.0444214 0.6419840 0.7600956 -0.0902108 -0.9797775 -0.0801019 0.1833568 -0.1062277 0.1941733 -0.1594371 0.9679238 -0.7374209 -0.0482987 0.9839530 0.1717666 0.5630056 0.0000000 0.0000000 0.0000000 1.0000000
1556980414.948807 0.0627686 -0.6797334 0.6350421 0.0515397 0.6655192 0.7398404 -0.0840474 -0.9805594 -0.0557620 0.1881326 -0.0958271 0.1929646 -0.1000404 0.9760925 -0.6999728 -0.0356080 0.9934196 0.1088556 0.6083676 0.0000000 0.0000000 0.0000000 1.0000000
1556980416.015473 0.0585265 -0.6899937 0.6312819 0.0415527 0.8021744 0.5834206 -0.1200415 -0.9677268 -0.0734044 0.2410738 -0.1461964 0.2067343 0.3157875 0.9260341 -0.3787966 -0.1441030 0.9459863 -0.2904209 0.8444958 0.0000000 0.0000000 0.0000000 1.0000000
1556980416.382139 0.0489356 -0.6937685 0.6335447 0.0269757 0.8417093 0.5269480 -0.1145578 -0.9722976 -0.0753206 0.2212784 -0.1448649 0.1661435 0.4431961 0.8808936 -0.2587404 -0.1644191 0.8932548 -0.4184045 0.8928359 0.0000000 0.0000000 0.0000000 1.0000000
1556980422.048801 0.0893445 -0.6912219 0.6322022 0.0340461 0.7123321 0.6790766 -0.1740085 -0.9371238 -0.1878260 0.2941435 -0.2320608 0.2848344 0.0753918 0.9556074 -0.5774729 -0.2016640 0.9793046 -0.0171522 0.7057780 0.0000000 0.0000000 0.0000000 1.0000000
1556980422.315467 0.0880911 -0.6882778 0.6330008 0.0314749 0.7170552 0.6650206 -0.2063704 -0.9128412 -0.2293426 0.3378208 -0.2912791 0.3196196 0.1135137 0.9407220 -0.5455045 -0.2540950 0.9667040 -0.0303176 0.7069354 0.0000000 0.0000000 0.0000000 1.0000000
1556980424.348799 0.1304300 -0.6921393 0.6268109 0.0078828 0.6119383 0.7038106 -0.3607216 -0.7396355 -0.4981118 0.4525747 -0.5319709 0.5174069 0.0091771 0.8556903 -0.5974895 -0.4303828 0.8670642 0.2509388 0.4989729 0.0000000 0.0000000 0.0000000 1.0000000
1556980424.648798 0.1451166 -0.6954747 0.6249481 -0.0057620 0.5871123 0.6947069 -0.4155097 -0.6546370 -0.5840807 0.4798959 -0.6111248 0.5705490 0.0346983 0.8205302 -0.5714532 -0.4959074 0.8109536 0.3105319 0.4418958 0.0000000 0.0000000 0.0000000 1.0000000
1556980424.915465 0.1554443 -0.6973607 0.6285682 -0.0300722 0.5766004 0.6770769 -0.4562834 -0.5818023 -0.6525571 0.4854640 -0.6697770 0.5831985 0.0813251 0.8082485 -0.5419812 -0.5669088 0.7533627 0.3332552 0.4040147 0.0000000 0.0000000 0.0000000 1.0000000
1556980425.515464 0.1485766 -0.7017664 0.6330785 -0.0828060 0.6125525 0.6162297 -0.4880405 -0.5099193 -0.7029361 0.4958459 -0.7314442 0.5000441 0.2268082 0.8357715 -0.4442374 -0.6999559 0.6741208 0.2358451 0.4277638 0.0000000 0.0000000 0.0000000 1.0000000
1556980427.015463 0.1846712 -0.7066157 0.6027855 -0.0454771 0.6766506 0.5595670 -0.4764037 -0.5419426 -0.5947038 0.5938229 -0.6780937 0.4716154 0.3696333 0.8005936 -0.3084913 -0.6956127 0.7139318 0.0801514 0.5846210 0.0000000 0.0000000 0.0000000 1.0000000
1556980427.782129 0.1913816 -0.7160755 0.5997576 0.0949524 -0.6697212 -0.5179791 0.5235983 -0.4336579 -0.6696091 0.6029631 -0.7581282 0.4152427 0.4453634 0.7932370 -0.2363058 -0.7996964 0.5943695 0.0849149 0.5277322 0.0000000 0.0000000 0.0000000 1.0000000
1556980428.048795 0.1976160 -0.7152745 0.5938867 0.0912118 -0.6891611 -0.4979779 0.5184163 -0.4458500 -0.6420389 0.6237018 -0.7415351 0.3906004 0.4873970 0.7809453 -0.1923594 -0.8053876 0.5918025 0.0334747 0.5625786 0.0000000 0.0000000 0.0000000 1.0000000
1556980428.282128 0.2093922 -0.7133514 0.5909973 -0.0668202 0.7110445 0.4951687 -0.4947309 -0.5015529 -0.5849747 0.6373769 -0.6889593 0.3949263 0.5006860 0.7702900 -0.1807688 -0.7697259 0.6380581 -0.0200986 0.6282125 0.0000000 0.0000000 0.0000000 1.0000000
1556980428.815461 0.2265694 -0.7179896 0.5785307 0.0069933 0.6959788 0.5567289 -0.4534508 -0.5886670 -0.4951639 0.6389710 -0.5918128 0.5146327 0.3800081 0.7686007 -0.2884172 -0.6233974 0.7812852 0.0311293 0.6841882 0.0000000 0.0000000 0.0000000 1.0000000
1556980430.115460 0.2577052 -0.7393012 0.5718842 0.1002991 0.6110572 0.6517504 -0.4379162 -0.5963391 -0.4482471 0.6659236 -0.5585411 0.6934010 0.1303230 0.7086685 -0.4876214 -0.4044438 0.8843588 0.2330983 0.6247295 0.0000000 0.0000000 0.0000000 1.0000000
1556980430.448793 0.2674137 -0.7344996 0.5753024 0.0914816 0.5697910 0.6597860 -0.4813022 -0.5199586 -0.5308622 0.6691999 -0.6358663 0.7393637 0.1126272 0.6638196 -0.4968883 -0.4277668 0.8399407 0.3339387 0.5392111 0.0000000 0.0000000 0.0000000 1.0000000
1556980430.782126 0.2798111 -0.7421535 0.5752167 -0.0692197 -0.5333525 -0.6651122 0.5180439 -0.4536783 -0.6152776 0.6446778 -0.7005156 0.7629516 0.1056688 0.6377609 -0.5019105 -0.4605223 0.7811962 0.4214874 0.4661803 0.0000000 0.0000000 0.0000000 1.0000000
1556980431.148792 0.2951928 -0.7509021 0.5838824 -0.0305422 -0.5027571 -0.6560155 0.5620909 -0.3662421 -0.7067701 0.6052626 -0.7760053 0.7681912 0.1374217 0.6252980 -0.4886747 -0.5251181 0.6939678 0.4926049 0.3884897 0.0000000 0.0000000 0.0000000 1.0000000
1556980431.515458 0.3125730 -0.7557305 0.5876614 0.0196118 -0.4707657 -0.6287671 0.6185846 -0.2339369 -0.7963565 0.5577543 -0.8564792 0.7594263 0.2085345 0.6162670 -0.4419366 -0.6070793 0.5677409 0.5559902 0.2920817 0.0000000 0.0000000 0.0000000 1.0000000
1556980431.948791 0.3217116 -0.7487537 0.5681323 0.0885913 -0.4263322 -0.5861825 0.6832149 -0.0507380 -0.8765159 0.4786916 -0.9119316 0.7254385 0.2970834 0.6208707 -0.3636764 -0.6864144 0.3787630 0.6207849 0.1517397 0.0000000 0.0000000 0.0000000 1.0000000
1556980432.148791 0.3228967 -0.7423130 0.5569649 0.1185766 -0.4141395 -0.5652213 0.7035290 0.0180269 -0.8935135 0.4486744 -0.9189834 0.6970845 0.3329291 0.6350050 -0.3316241 -0.7167623 0.3013168 0.6288561 0.1048608 0.0000000 0.0000000 0.0000000 1.0000000
1556980432.315458 0.3231171 -0.7431891 0.5540101 0.1422076 -0.4193174 -0.5459015 0.7112957 0.0523290 -0.8958549 0.4412546 -0.9271575 0.6573345 0.3635371 0.6601152 -0.3079298 -0.7517799 0.2555087 0.6078999 0.0960215 0.0000000 0.0000000 0.0000000 1.0000000
1556980432.448791 0.3274169 -0.7466015 0.5509595 0.1652961 -0.4284931 -0.5288259 0.7137324 0.0734736 -0.8965369 0.4368331 -0.9340897 0.6132240 0.3860407 0.6891509 -0.2922556 -0.7864845 0.2172422 0.5781417 0.1011689 0.0000000 0.0000000 0.0000000 1.0000000
1556980432.582124 0.3293752 -0.7488975 0.5470833 0.1898409 -0.4369259 -0.5130267 0.7140447 0.0917987 -0.8985408 0.4291822 -0.9379497 0.5667552 0.4015280 0.7194191 -0.2795540 -0.8187561 0.1771995 0.5461125 0.1036132 0.0000000 0.0000000 0.0000000 1.0000000
1556980433.182123 0.3459667 -0.7577289 0.5395048 0.2924500 -0.4774155 -0.4462270 0.6981611 0.1459118 -0.9023170 0.4056277 -0.9530303 0.3438364 0.4307089 0.8344257 -0.2427721 -0.9276240 0.0177170 0.3730949 0.1330652 0.0000000 0.0000000 0.0000000 1.0000000
1556980433.282123 0.3481295 -0.7581083 0.5388761 0.3054051 -0.4839285 -0.4336606 0.6960455 0.1555034 -0.8992835 0.4087882 -0.9561758 0.3081066 0.4373324 0.8448732 -0.2309976 -0.9385569 -0.0054303 0.3450818 0.1366662 0.0000000 0.0000000 0.0000000 1.0000000
1556980433.548790 0.3562949 -0.7603395 0.5369718 0.3424947 -0.5022423 -0.4031035 0.6840743 0.1705205 -0.8955361 0.4110204 -0.9623735 0.2074748 0.4404098 0.8734949 -0.2081034 -0.9632637 -0.0636724 0.2609001 0.1546974 0.0000000 0.0000000 0.0000000 1.0000000
1556980434.148789 0.3763058 -0.7666370 0.5331892 0.4017213 -0.5280473 -0.3395618 0.6666962 0.2117277 -0.8770248 0.4312758 -0.9819856 0.0285134 0.4466356 0.8942615 -0.1451330 -0.9769127 -0.1770428 0.1195721 0.1681358 0.0000000 0.0000000 0.0000000 1.0000000
1556980434.215456 0.3767673 -0.7667685 0.5330773 0.4077455 -0.5301403 -0.3340918 0.6641366 0.2146678 -0.8760899 0.4317223 -0.9827794 0.0114406 0.4442525 0.8958286 -0.1412175 -0.9766201 -0.1873664 0.1053897 0.1681111 0.0000000 0.0000000 0.0000000 1.0000000
1556980434.282122 0.3791824 -0.7673745 0.5328118 0.4138789 -0.5333191 -0.3278784 0.6608863 0.2161330 -0.8748397 0.4335228 -0.9842696 -0.0080784 0.4424000 0.8967814 -0.1352660 -0.9763305 -0.1973262 0.0885499 0.1716038 0.0000000 0.0000000 0.0000000 1.0000000
1556980445.782111 0.8565248 -0.5592866 0.3490729 0.1155963 -0.5117624 -0.4638896 0.7138229 0.0458114 -0.7805858 0.6233675 -0.6934105 0.5439544 0.5428878 0.6398332 -0.3856289 -0.8378633 0.3097719 0.4494735 0.7340029 0.0000000 0.0000000 0.0000000 1.0000000
1556980446.848777 0.8748381 -0.5312096 0.3308838 0.0210539 -0.3920302 -0.4840649 0.7820168 0.2239870 -0.7736012 0.5927655 -0.8030333 0.7405862 0.5304759 0.4124651 -0.5025772 -0.6335313 0.3466071 0.6917381 0.5094734 0.0000000 0.0000000 0.0000000 1.0000000
1556980447.248777 0.8938402 -0.5288186 0.3193030 0.0293568 -0.4149946 -0.4892238 0.7665362 0.1768791 -0.7743814 0.6074926 -0.7615831 0.7256497 0.5195965 0.4510566 -0.5178663 -0.6649409 0.3610443 0.6538354 0.5765063 0.0000000 0.0000000 0.0000000 1.0000000
1556980447.648776 0.9006102 -0.5137316 0.3076845 0.0694959 -0.4750406 -0.4875067 0.7292764 0.0733473 -0.7770810 0.6251122 -0.6576058 0.6450275 0.5150151 0.5645344 -0.4900373 -0.7606311 0.3618075 0.5390136 0.7050579 0.0000000 0.0000000 0.0000000 1.0000000
1556980449.448775 0.9195538 -0.4556754 0.2579988 0.0125709 -0.4321859 -0.5182267 0.7379014 0.0893129 -0.7756663 0.6247920 -0.5967757 0.7539344 0.4625661 0.4664927 -0.6028578 -0.6508502 0.4293884 0.6261147 0.6326167 0.0000000 0.0000000 0.0000000 1.0000000
1556980449.915441 0.9321837 -0.4419764 0.2421905 -0.0281753 -0.4188752 -0.5299987 0.7367843 0.0872899 -0.7573856 0.6471071 -0.5728400 0.8045933 0.4366151 0.4024884 -0.6545341 -0.5873756 0.4855248 0.6474994 0.6053143 0.0000000 0.0000000 0.0000000 1.0000000
1556980450.382107 0.9288448 -0.4157125 0.2125370 -0.0425944 -0.4325303 -0.5278974 0.7296763 0.0684835 -0.7335417 0.6761853 -0.5122674 0.8072352 0.4390200 0.3945031 -0.6511367 -0.5862433 0.5188236 0.6222064 0.6279687 0.0000000 0.0000000 0.0000000 1.0000000
1556980450.748773 0.9274014 -0.3974261 0.2049048 -0.0157225 -0.4891708 -0.5189627 0.7008156 -0.0172207 -0.7120124 0.7019557 -0.4108359 0.7427762 0.4608611 0.4856857 -0.6052128 -0.6693183 0.5297599 0.5209295 0.7245261 0.0000000 0.0000000 0.0000000 1.0000000
1556980454.248770 0.9207780 -0.3538813 0.1447628 0.3013386 -0.5173456 -0.3147595 0.7365291 0.2665600 -0.7754514 0.5723817 -0.6027200 0.1518666 0.6202430 0.7695682 -0.0317478 -0.9517785 -0.1182105 0.2830971 0.7935623 0.0000000 0.0000000 0.0000000 1.0000000
1556980454.882103 0.9287301 -0.3458807 0.1408516 0.1941255 -0.4937332 -0.3817974 0.7568180 0.2209165 -0.7695947 0.5990992 -0.5557439 0.3862098 0.6330920 0.6708475 -0.2342004 -0.8955657 0.0831767 0.4370855 0.7989438 0.0000000 0.0000000 0.0000000 1.0000000
1556980455.448769 0.9271680 -0.3360561 0.1396505 0.1503450 -0.4423885 -0.4049605 0.7859363 0.2805989 -0.7695680 0.5736108 -0.5988854 0.5035244 0.6268068 0.5946229 -0.3392489 -0.8171459 0.1219765 0.5633776 0.7199465 0.0000000 0.0000000 0.0000000 1.0000000
1556980456.982101 0.9305170 -0.3120127 0.1222615 0.1023550 -0.3224045 -0.3875904 0.8575270 0.4916581 -0.7307378 0.4735975 -0.7433984 0.5987390 0.6785944 0.4254661 -0.3974248 -0.6322848 0.0743774 0.7711576 0.5172755 0.0000000 0.0000000 0.0000000 1.0000000
1556980457.648767 0.9128311 -0.2877873 0.1059660 0.0589365 -0.3565589 -0.3965120 0.8439019 0.4312880 -0.7112632 0.5550634 -0.6572036 0.6272058 0.6786094 0.3822330 -0.4177415 -0.6485395 0.1832865 0.7387846 0.5664685 0.0000000 0.0000000 0.0000000 1.0000000
1556980458.215433 0.9043612 -0.2639056 0.0844893 0.0526245 -0.3738437 -0.4142808 0.8281564 0.3772246 -0.7255253 0.5755994 -0.5812495 0.6468319 0.6512041 0.3969152 -0.4466484 -0.6628047 0.2225899 0.7149431 0.5977527 0.0000000 0.0000000 0.0000000 1.0000000
1556980458.748766 0.9044143 -0.2578862 0.0707774 0.0484616 -0.4258205 -0.4368707 0.7908681 0.2556418 -0.7322861 0.6311927 -0.4647268 0.6497424 0.6135909 0.4487105 -0.4611582 -0.7158786 0.2954035 0.6326568 0.6788535 0.0000000 0.0000000 0.0000000 1.0000000
1556980459.248765 0.8922708 -0.2400522 0.0571765 0.0332294 -0.4946343 -0.4452913 0.7456194 0.1141050 -0.6969085 0.7080244 -0.3095894 0.6311629 0.6012229 0.4900658 -0.4468635 -0.7672115 0.3909597 0.5084653 0.7493389 0.0000000 0.0000000 0.0000000 1.0000000
1556980459.915431 0.8563880 -0.2156430 0.0457466 0.0773130 -0.4920052 -0.4037970 0.7673992 0.1897577 -0.6958238 0.6926913 -0.3442440 0.5436702 0.6619413 0.5160003 -0.3464549 -0.8175663 0.2786806 0.5039071 0.7371975 0.0000000 0.0000000 0.0000000 1.0000000
1556980461.148763 0.8530729 -0.2081684 0.0327616 0.2390805 -0.4833617 -0.3235466 0.7775086 0.3233583 -0.7342452 0.5969284 -0.4482512 0.2719958 0.6763163 0.6845543 -0.1136716 -0.9063430 -0.0589943 0.4184040 0.7471884 0.0000000 0.0000000 0.0000000 1.0000000
1556980461.715430 0.8397369 -0.2083290 0.0286332 0.2703572 -0.5039721 -0.2935358 0.7659999 0.3196977 -0.7222017 0.6133661 -0.4364802 0.1771918 0.6814874 0.7100549 -0.0271520 -0.9308042 -0.1183195 0.3458382 0.7470787 0.0000000 0.0000000 0.0000000 1.0000000
1556980462.182096 0.8437631 -0.2037632 0.0266937 0.3131195 -0.5539196 -0.2764221 0.7202222 0.2335278 -0.7450567 0.6247842 -0.3655351 0.0512846 0.6510941 0.7572624 0.0691829 -0.9709967 -0.1448000 0.1902585 0.7847075 0.0000000 0.0000000 0.0000000 1.0000000
1556980462.582095 0.8536506 -0.2266461 0.0487717 0.3134199 -0.6321843 -0.2705054 0.6549334 0.0543397 -0.7506043 0.6585137 -0.2486255 -0.0419523 0.6571896 0.7525569 0.1480587 -0.9976408 -0.0685199 0.0042218 0.8359010 0.0000000 0.0000000 0.0000000 1.0000000
1556980462.815428 0.8437279 -0.2081489 0.0715266 0.3002110 -0.6672982 -0.2775023 0.6225584 -0.0445888 -0.7461832 0.6642457 -0.1652077 -0.0551377 0.6657317 0.7441513 0.1318659 -0.9974827 -0.0034442 -0.0708270 0.8459531 0.0000000 0.0000000 0.0000000 1.0000000
1556980463.415428 0.8260385 -0.2029564 0.0723666 0.2121720 -0.6715982 -0.3396521 0.6233581 -0.1328154 -0.7084385 0.6931630 -0.0842333 0.1384612 0.6792390 0.7207378 -0.0286757 -0.9814217 0.1917013 0.0078778 0.8490291 0.0000000 0.0000000 0.0000000 1.0000000
1556980463.882094 0.7792770 -0.2243709 0.0311387 0.1079281 -0.5876397 -0.3916385 0.6997502 0.0025975 -0.6749439 0.7378645 -0.1764381 0.4212526 0.6699416 0.6113301 -0.1969931 -0.9069396 0.3092394 0.2860621 0.7672339 0.0000000 0.0000000 0.0000000 1.0000000
1556980464.348760 0.7742213 -0.1848808 0.0421672 0.0944071 -0.4927676 -0.4025810 0.7656344 0.1902173 -0.7095011 0.6785466 -0.3070558 0.5234182 0.6580317 0.5413203 -0.3064101 -0.8305725 0.2521952 0.4965349 0.6687355 0.0000000 0.0000000 0.0000000 1.0000000
1556980464.915426 0.7654480 -0.1836187 0.0522099 0.0761986 -0.4026043 -0.3811676 0.8287429 0.3852420 -0.6931357 0.6092221 -0.4539629 0.5704241 0.6978101 0.4332176 -0.3311173 -0.7253999 0.1806213 0.6642070 0.5537431 0.0000000 0.0000000 0.0000000 1.0000000
1556980465.515426 0.7638198 -0.1797400 0.0410660 0.0728091 -0.2965115 -0.3409936 0.8891024 0.5916085 -0.6495340 0.4776033 -0.5882428 0.5631790 0.7568443 0.3316866 -0.3077532 -0.5769131 0.0727475 0.8135595 0.4203237 0.0000000 0.0000000 0.0000000 1.0000000
1556980466.082092 0.7745559 -0.1834824 0.0398280 0.0943280 -0.1911241 -0.3077468 0.9272894 0.7375270 -0.6067974 0.2963963 -0.6943974 0.5346840 0.7927883 0.2925744 -0.2803326 -0.4125129 -0.0573031 0.9091476 0.2727906 0.0000000 0.0000000 0.0000000 1.0000000
1556980466.548758 0.7765648 -0.1879044 0.0415443 0.1258432 -0.1324223 -0.2701083 0.9453409 0.8190117 -0.5440177 0.1823858 -0.7458161 0.4773600 0.8224100 0.3094662 -0.2290230 -0.3183510 -0.1663928 0.9332556 0.1771829 0.0000000 0.0000000 0.0000000 1.0000000
