1558087420.351417 0.0000000 0.0000000 0.0000000 0.0000000 0.0000000 0.0000000 1.0000000 1.0000000 0.0000000 0.0000000 0.0000000 0.0000000 1.0000000 0.0000000 0.0000000 0.0000000 0.0000000 1.0000000 0.0000000 0.0000000 0.0000000 0.0000000 1.0000000
1558087421.116383 -0.0003538 -0.0000352 0.0003696 0.0075030 -0.0208772 0.0059667 0.9997361 0.9990571 0.0116170 0.0418330 0.0003384 -0.0122436 0.9998162 0.0147529 0.0000255 -0.0416539 -0.0152512 0.9990157 -0.0003845 0.0000000 0.0000000 0.0000000 1.0000000
1558087421.214003 -0.0010156 -0.0004567 -0.0011582 0.0080064 -0.0221866 0.0073240 0.9996949 0.9989082 0.0142882 0.0444770 0.0010725 -0.0149988 0.9997645 0.0156828 0.0004595 -0.0442425 -0.0163328 0.9988873 0.0011045 0.0000000 0.0000000 0.0000000 1.0000000
1558087423.046968 -0.0073650 -0.0093604 -0.0092462 -0.0007823 0.0303104 0.0355525 0.9989077 0.9956346 0.0709800 -0.0606102 0.0074368 -0.0710748 0.9974708 0.0005923 0.0088188 0.0604989 0.0037182 0.9981613 0.0097096 0.0000000 0.0000000 0.0000000 1.0000000
1558087428.315312 -0.0321436 0.0073099 0.0106563 -0.0409763 -0.0997326 0.0382344 0.9934347 0.9771831 0.0841402 0.1950222 0.0287169 -0.0677935 0.9937181 -0.0890410 -0.0084942 -0.2012890 0.0737881 0.9767487 -0.0174181 0.0000000 0.0000000 0.0000000 1.0000000
1558087428.746917 -0.0267068 0.0259064 0.0224722 -0.0177242 -0.1451549 -0.0004887 0.9892501 0.9578596 0.0041786 0.2872062 0.0190190 0.0061124 0.9993712 -0.0349255 -0.0249420 -0.2871716 0.0352093 0.9572318 -0.0300927 0.0000000 0.0000000 0.0000000 1.0000000
1558087429.016776 -0.0251120 0.0282269 0.0263777 -0.0044676 -0.1602821 -0.0076093 0.9870318 0.9485035 -0.0135892 0.3164750 0.0158545 0.0164535 0.9998443 -0.0063801 -0.0276410 -0.3163390 0.0112587 0.9485794 -0.0332831 0.0000000 0.0000000 0.0000000 1.0000000
1558087429.646872 -0.0272269 0.0330357 0.0202828 0.0136527 -0.1871004 -0.0215678 0.9820091 0.9290565 -0.0474683 0.3668797 0.0194222 0.0372506 0.9986969 0.0348849 -0.0326860 -0.3680575 -0.0187435 0.9296141 -0.0282570 0.0000000 0.0000000 0.0000000 1.0000000
1558087430.680272 -0.0225699 0.0522709 0.0147257 0.0732909 -0.1815223 -0.0414994 0.9797734 0.9306549 -0.1079280 0.3496183 0.0214979 0.0547122 0.9858125 0.1586831 -0.0526312 -0.3617844 -0.1285509 0.9233562 -0.0150430 0.0000000 0.0000000 0.0000000 1.0000000
1558087431.346932 -0.0226248 0.0237655 -0.0048391 0.0828677 -0.1120293 0.0025868 0.9902402 0.9748855 -0.0134442 0.2223006 0.0234518 -0.0236902 0.9862525 0.1635383 -0.0231834 -0.2214432 -0.1646975 0.9611647 0.0035552 0.0000000 0.0000000 0.0000000 1.0000000
1558087431.713472 -0.0069685 0.0138382 -0.0018543 0.0700685 -0.0776446 -0.0042258 0.9945068 0.9879069 -0.0192861 0.1538440 0.0074363 -0.0024756 0.9901451 0.1400234 -0.0134595 -0.1550284 -0.1387109 0.9781234 0.0026529 0.0000000 0.0000000 0.0000000 1.0000000
1558087432.080241 -0.0005389 0.0112494 -0.0047563 0.0745595 -0.0042222 -0.0051575 0.9971943 0.9999111 -0.0109157 0.0076517 0.0006981 0.0096565 0.9888286 0.1487441 -0.0104111 -0.0091898 -0.1486570 0.9888461 0.0063706 0.0000000 0.0000000 0.0000000 1.0000000
1558087432.347377 -0.0095838 0.0173324 0.0010314 0.0971816 0.0478937 -0.0175802 0.9939582 0.9947942 -0.0256391 -0.0986256 0.0100800 0.0442566 0.9804934 0.1915049 -0.0167677 0.0917917 -0.1948728 0.9765239 0.0032501 0.0000000 0.0000000 0.0000000 1.0000000
1558087432.647319 -0.0171616 0.0209212 0.0084308 0.1117143 0.0998672 -0.0198444 0.9885103 0.9792655 -0.0169196 -0.2018733 0.0188617 0.0615460 0.9742522 0.2168978 -0.0211550 0.1930057 -0.2248250 0.9550929 -0.0000363 0.0000000 0.0000000 0.0000000 1.0000000
1558087432.985016 -0.0215722 0.0236178 0.0106529 0.1222737 0.1213347 -0.0256918 0.9847167 0.9692357 -0.0209262 -0.2452434 0.0240153 0.0802703 0.9687781 0.2345753 -0.0236477 0.2326777 -0.2470445 0.9406541 0.0008333 0.0000000 0.0000000 0.0000000 1.0000000
1558087433.685195 -0.0258681 0.0306928 0.0076794 0.1641236 0.1312018 -0.0160914 0.9775432 0.9650543 0.0116065 -0.2617927 0.0266183 0.0745268 0.9456090 0.3166534 -0.0295273 0.2512288 -0.3250983 0.9116991 0.0094757 0.0000000 0.0000000 0.0000000 1.0000000
1558087434.083308 -0.0288266 0.0303318 0.0071392 0.1601969 0.1379053 -0.0180179 0.9772382 0.9613150 0.0089684 -0.2753054 0.0294049 0.0793996 0.9480246 0.3081316 -0.0286662 0.2637598 -0.3180706 0.9106382 0.0107497 0.0000000 0.0000000 0.0000000 1.0000000
1558087434.413784 -0.0277833 0.0291169 0.0029407 0.1455530 0.1386834 -0.0153724 0.9794616 0.9610612 0.0102583 -0.2761451 0.0272149 0.0704849 0.9571560 0.2808633 -0.0267371 0.2671951 -0.2893909 0.9191625 0.0131467 0.0000000 0.0000000 0.0000000 1.0000000
1558087436.017371 -0.0239762 0.0177181 0.0044014 0.0756180 0.1390799 -0.0049030 0.9873776 0.9612654 0.0113517 -0.2753904 0.0240584 0.0307161 0.9885157 0.1479632 -0.0174294 0.2739073 -0.1506909 0.9498774 0.0050564 0.0000000 0.0000000 0.0000000 1.0000000
1558087436.446903 -0.0223826 0.0153622 0.0086723 0.0716453 0.1375581 -0.0042780 0.9878899 0.9621189 0.0112583 -0.2723975 0.0237241 0.0281633 0.9896973 0.1403784 -0.0157910 0.2711715 -0.1427323 0.9518895 0.0000071 0.0000000 0.0000000 0.0000000 1.0000000
1558087449.980462 -0.0206691 0.0160008 0.0091004 0.0721763 0.1363077 -0.0040530 0.9880255 0.9628075 0.0116675 -0.2699361 0.0221702 0.0276853 0.9895483 0.1415191 -0.0165493 0.2687659 -0.1437289 0.9524216 -0.0008125 0.0000000 0.0000000 0.0000000 1.0000000
1558087451.283251 -0.0143299 0.0157335 0.0097575 0.0721714 0.1313869 -0.0045468 0.9886901 0.9654336 0.0099740 -0.2604581 0.0162190 0.0279555 0.9895412 0.1415156 -0.0165492 0.2591455 -0.1439052 0.9550576 -0.0033413 0.0000000 0.0000000 0.0000000 1.0000000
1558087452.280119 -0.0138715 0.0153291 0.0098620 0.0719796 0.1309950 -0.0048641 0.9887546 0.9656333 0.0092392 -0.2597441 0.0158147 0.0284767 0.9895906 0.1410659 -0.0161657 0.2583436 -0.1436146 0.9553185 -0.0036363 0.0000000 0.0000000 0.0000000 1.0000000
1558087454.450820 -0.0156554 0.0125895 0.0066983 0.0648676 0.1345891 0.0000153 0.9887760 0.9637716 0.0174912 -0.2661549 0.0166508 0.0174307 0.9915844 0.1282832 -0.0130699 0.2661588 -0.1282750 0.9553559 -0.0006176 0.0000000 0.0000000 0.0000000 1.0000000
1558087454.914132 -0.0088495 0.0134131 0.0069743 0.0686929 0.1274547 -0.0041293 0.9894542 0.9674765 0.0093389 -0.2527884 0.0101994 0.0256820 0.9905285 0.1348843 -0.0139995 0.2516538 -0.1369895 0.9580732 -0.0026174 0.0000000 0.0000000 0.0000000 1.0000000
1558087456.047298 -0.0094080 0.0135142 0.0056459 0.0696508 0.1275698 -0.0048707 0.9893690 0.9674045 0.0081329 -0.2531056 0.0104205 0.0274085 0.9902501 0.1365780 -0.0138956 0.2517487 -0.1390634 0.9577494 -0.0011595 0.0000000 0.0000000 0.0000000 1.0000000
